2.3097076416015625 2.2144930362701416 0.2142400011769812 0.25062864242818683
2.1947402954101562 2.1509554386138916 0.2551915904693948 0.27595183859420763
2.1316637992858887 2.114499807357788 0.2756416386520623 0.2925775818714315
2.0839474201202393 2.1067512035369873 0.28747029961527426 0.29453007129544717
2.03678822517395 2.088926076889038 0.2998138898492728 0.31301955447741325
1.9866821765899658 2.0712056159973145 0.31132623711757307 0.318048693902908
1.9430315494537354 2.084321975708008 0.3237286764110901 0.3109191491879419
1.8923381567001343 2.112821102142334 0.33371830426434995 0.3094399905333846
1.8484119176864624 2.080559015274048 0.3456131704195202 0.3139070496701476
1.7929861545562744 2.1218419075012207 0.3613626499731501 0.32301866698222054
1.7519824504852295 2.1518337726593018 0.37253661514921915 0.3124870573617726
1.7033454179763794 2.1782643795013428 0.3861675285601842 0.30976540543738723
1.697124719619751 2.144496202468872 0.3894851442905378 0.3204153477501997
1.6196188926696777 2.18247652053833 0.41164181519924087 0.30745791793627786
1.574224829673767 2.189634323120117 0.42324979218925857 0.3002692068751294
1.5373473167419434 2.2445831298828125 0.4373220735466121 0.3144395467857882
1.3998364210128784 2.186594009399414 0.48542382357051955 0.3305623761204627
1.3604106903076172 2.20113468170166 0.5008717016941173 0.326568647753158
1.3404191732406616 2.229379653930664 0.5078306029821761 0.32745614294589237
1.3201525211334229 2.2071352005004883 0.5148924901243922 0.3268053131378872
1.3044997453689575 2.2609217166900635 0.5190339926880043 0.32769280833062153
1.2928491830825806 2.250953435897827 0.5242127099256295 0.328402804484809
1.2785567045211792 2.2522265911102295 0.5291045379981021 0.32822530544626216
1.261418342590332 2.2540833950042725 0.5351586349960644 0.32872821938881164
1.2606537342071533 2.254922389984131 0.5352542647177819 0.3292902996775434
1.2568564414978027 2.269040584564209 0.5365121633649892 0.32822530544626216
1.25397527217865 2.294278621673584 0.5380716634422286 0.32724906073425436
1.2532154321670532 2.2915496826171875 0.5382040738261452 0.32931988285063457
1.2529791593551636 2.2728915214538574 0.5395723144599496 0.32671656361861373
1.2520214319229126 2.2719500064849854 0.5377185690851178 0.3259769842913351
1.2480337619781494 2.264455795288086 0.539594382857269 0.328402804484809
1.2488456964492798 2.265726327896118 0.5403373522336896 0.32920155015826996
1.2504942417144775 2.2622599601745605 0.5398077106980234 0.32606573381060855
1.2488218545913696 2.241886854171753 0.537747993614877 0.3276632251575304
1.2522759437561035 2.2575533390045166 0.5387631398915707 0.32828447179244447
1.2486783266067505 2.250671625137329 0.5397120809763059 0.32686447948406944
1.2497836351394653 2.237600803375244 0.540859637636916 0.3281069727538976
1.248864769935608 2.254345178604126 0.5401093121280556 0.3268940626571606
1.25014328956604 2.275163173675537 0.5394619724733524 0.325355737656421
1.2520753145217896 2.2705063819885254 0.5391530149108804 0.326568647753158
1.2505793571472168 2.266010284423828 0.5398297790953428 0.3265390645800669
1.2502431869506836 2.2614376544952393 0.5379318969258723 0.32550365352187677
1.244489073753357 2.2639737129211426 0.542279371197799 0.3266573972724314
1.2496789693832397 2.281186580657959 0.5378583356014741 0.3287578025619028
1.2508453130722046 2.2533977031707764 0.5393369182218757 0.32795905688844185
1.247043490409851 2.255462646484375 0.5394766847382321 0.32718989438807206
1.2482950687408447 2.289825439453125 0.5400210385387778 0.32704197852261635
1.2483147382736206 2.2628211975097656 0.5393884111489543 0.32363991361713457
1.2492996454238892 2.2436447143554688 0.5401755173200138 0.32609531698369965
1.2473269701004028 2.2755088806152344 0.5397635739033846 0.32745614294589237
1.249847412109375 2.2507002353668213 0.5401608050551342 0.32730822708043666
1.2507202625274658 2.296497344970703 0.5393295620894358 0.32991154631245745
1.2487486600875854 2.25388503074646 0.539976901744139 0.32724906073425436
1.246667504310608 2.2354776859283447 0.5406610220610412 0.32609531698369965
1.2492610216140747 2.2760918140411377 0.5400357508036575 0.32775197467680384
1.2485109567642212 2.2884140014648438 0.5404844748824857 0.32559240304115017
1.2504557371139526 2.269787549972534 0.5379245407934324 0.32476407419459813
1.2504740953445435 2.261079788208008 0.5393074936921164 0.32911280063899656
1.2477872371673584 2.29556941986084 0.5393736988840747 0.32730822708043666
1.2507721185684204 2.256019115447998 0.5386380856400939 0.3289057184273585
1.2461904287338257 2.267474889755249 0.5406830904583606 0.3280478064077153
1.249098777770996 2.268061876296997 0.5381967176937054 0.3261249001567908
1.2479791641235352 2.2361977100372314 0.5385718804481356 0.3269532290033429
1.2473108768463135 2.2916975021362305 0.5394913970031117 0.3271603112149809
1.2468417882919312 2.2553720474243164 0.5406463097961616 0.3262432328491554
1.2468125820159912 2.270078420639038 0.5408007885773976 0.3286986362157205
1.2475340366363525 2.2720224857330322 0.5401166682604953 0.3282548886193533
1.248819351196289 2.2741611003875732 0.5405212555446848 0.3278703073691684
1.2485933303833008 2.2564427852630615 0.5383732648722608 0.3275448924651658
1.2493294477462769 2.273904323577881 0.5409846918883927 0.3273673934266189
1.2473396062850952 2.267385721206665 0.5400136824063381 0.3286394698695382
1.2458518743515015 2.2597622871398926 0.540822856974717 0.3287578025619028
1.2504074573516846 2.278742790222168 0.5399106965521807 0.32588823477206164
1.2484909296035767 2.256673574447632 0.5391456587784407 0.3290832174659054
1.2506506443023682 2.2793023586273193 0.5391750833081999 0.32884655208117625
1.2501275539398193 2.2810564041137695 0.5389249748052464 0.3285507203502648
1.2475450038909912 2.257176160812378 0.5392045078379591 0.3256515693873325
1.248412847518921 2.2555761337280273 0.5388514134808483 0.3280478064077153
1.2458407878875732 2.2686679363250732 0.5415069772916191 0.32872821938881164
1.2465440034866333 2.2481043338775635 0.5412936494508647 0.32724906073425436
1.252215027809143 2.2785491943359375 0.5382997035478627 0.32633198236842886
