1.7828123569488525 1.7202627658843994 0.13170304712636427 0.16006683901885366
1.6672083139419556 1.6629791259765625 0.15879124345467163 0.15968850494987075
1.6184974908828735 1.6389281749725342 0.1708567282821273 0.16980894129516363
1.5748227834701538 1.621471881866455 0.18246482871743108 0.17488492338735104
1.5322041511535645 1.6196818351745605 0.19550816983155636 0.18352355129579417
1.4944392442703247 1.6083511114120483 0.20578354677938301 0.16996658049057317
1.456198811531067 1.6208548545837402 0.2143397892877421 0.21038527019358094
1.4113152027130127 1.6281906366348267 0.22720175383256577 0.1973642726527524
1.3724524974822998 1.634096622467041 0.23742981515361808 0.18144271391638817
1.3306907415390015 1.611077070236206 0.24803640148886505 0.1968282993883599
1.2886180877685547 1.7260560989379883 0.2616633019998738 0.21145721672236584
1.2463842630386353 1.6839457750320435 0.27305059617689736 0.2228072387918532
1.2200829982757568 1.6715824604034424 0.28140180430256767 0.2380667129074973
1.1765676736831665 1.7115404605865479 0.2949735032490064 0.2295226685162999
1.1400883197784424 1.7783085107803345 0.3056904927133935 0.23923324295352796
1.1225557327270508 1.7542378902435303 0.3134423695665889 0.23176114509111545
1.0798040628433228 1.8634923696517944 0.3255157403318403 0.25193896210353744
1.0660374164581299 1.7667131423950195 0.3319979811999243 0.24601172835613846
1.0331788063049316 1.8380205631256104 0.34352722225727084 0.2538621602875339
1.012420654296875 1.9366687536239624 0.35079805690492716 0.26836496626521217
0.9877157211303711 1.8318630456924438 0.36157813387168003 0.2502049309540324
0.9716433882713318 1.8474584817886353 0.36618352154438205 0.2589696702188032
0.9526713490486145 1.9165593385696411 0.3751104031291401 0.2619963427706665
0.924623429775238 1.961237907409668 0.3855750425840641 0.26521218235702126
0.9028858542442322 1.9222718477249146 0.3929799381742477 0.244088530172142
0.8909820914268494 1.8971859216690063 0.3984843227556621 0.243048111482439
0.8047382831573486 2.022059679031372 0.4299334426850041 0.29863169178384513
0.7686266303062439 2.0827953815460205 0.4473929089647341 0.3016268364966265
0.7529436945915222 2.0705223083496094 0.45705318276449436 0.3035815625197049
0.7422336339950562 2.1199159622192383 0.4614219923033247 0.3036446181978687
0.7298579812049866 2.119072914123535 0.4662245284209198 0.30553628854278325
0.721201479434967 2.1190316677093506 0.4708456879692133 0.307018096979633
0.7159696221351624 2.1428141593933105 0.47449687716863287 0.30957185194526765
0.7079841494560242 2.21893310546875 0.47969371017601414 0.3120310233936566
0.7014256715774536 2.2112162113189697 0.48293483061005615 0.3127246358534586
0.6965433359146118 2.227102756500244 0.4857737682165163 0.3147424175547008
0.6892852187156677 2.2321019172668457 0.4886600214497508 0.31099060470395357
0.6842898726463318 2.2812960147857666 0.49145952936723236 0.31571978056624
0.6791998744010925 2.2551581859588623 0.49385685445713207 0.3140803329339807
0.675355076789856 2.28236985206604 0.49747649990536874 0.31389116589948923
0.6698042154312134 2.3301563262939453 0.4994952999810737 0.31281921937070434
0.6636746525764465 2.3465635776519775 0.5031149454293105 0.3175483952329907
0.6625234484672546 2.3964035511016846 0.5041322314049587 0.31490005675011035
0.6569212675094604 2.414564847946167 0.5078149643555612 0.3173277003594174
0.6541715860366821 2.3949341773986816 0.5098731941202448 0.31568825272715806
0.6479653120040894 2.3949673175811768 0.5112138035455176 0.31852575824452994
0.6437833905220032 2.4231696128845215 0.5140527411519777 0.3177060344284003
0.642076849937439 2.3917479515075684 0.515440666204025 0.3167917270950249
0.6355500817298889 2.430964708328247 0.5181376569301621 0.3178321457847279
0.6327899694442749 2.4878458976745605 0.5219702226988834 0.31748533955482694
0.6311273574829102 2.414854049682617 0.5204088070153302 0.3193770098997415
0.6257972121238708 2.492448568344116 0.5233029461863605 0.3201652058767892
0.6235695481300354 2.478947877883911 0.5269620213235758 0.32126868024465605
0.619949221611023 2.5622904300689697 0.5295486089205729 0.318841036635349
0.6173454523086548 2.513087034225464 0.5289413917103022 0.31962923261239673
0.613904595375061 2.515169858932495 0.5309286480348243 0.3188725644744309
0.6105555295944214 2.5438241958618164 0.5344615481673081 0.3200390945204616
0.6089932918548584 2.5852255821228027 0.534721784114567 0.32133173592281983
0.6080412268638611 2.581660032272339 0.5365828654343574 0.32133173592281983
0.6034059524536133 2.6216001510620117 0.5393113999116775 0.32155243079639323
0.6007351279258728 2.626026153564453 0.5411330515424895 0.3221514597389495
0.5950320363044739 2.626258134841919 0.5416456374992114 0.32372785169304497
0.5945736169815063 2.6081087589263916 0.5448473282442748 0.3219938205435399
0.5894657373428345 2.6228222846984863 0.5490032174626207 0.3207011791411817
0.5882684588432312 2.672156810760498 0.5480332471137468 0.32246673812976856
0.5883036851882935 2.695727586746216 0.5490820768405779 0.3221199318998676
0.5832119584083557 2.699441432952881 0.5494448299791811 0.32208840406078565
0.5809558629989624 2.6977460384368896 0.5538530692069901 0.32413771360110977
0.5761174559593201 2.738171339035034 0.5548861270582298 0.3228766000378334
0.5740349888801575 2.703348159790039 0.5560926755409753 0.3215839586354751
0.5705664753913879 2.7425014972686768 0.5566446911866759 0.3234441011413078
0.5693948864936829 2.755563735961914 0.56045359914201 0.3228766000378334
0.5678898096084595 2.7759392261505127 0.5613210522995394 0.32331798978498016
0.565204381942749 2.779527187347412 0.5625749164090593 0.3214578472791475
0.5571437478065491 2.7669503688812256 0.566762349378588 0.32331798978498016
0.555380642414093 2.781694173812866 0.5668569806321367 0.3232549341068163
0.5538089275360107 2.813260078430176 0.5683631947511198 0.3239170187275364
0.5525041222572327 2.8260395526885986 0.5687180619519273 0.3232864619458982
0.5501290559768677 2.7906017303466797 0.5710444136016655 0.32401160224478215
0.5539692044258118 2.7985856533050537 0.5688363510188632 0.3229081278769153
0.5475438833236694 2.7761800289154053 0.570492397955965 0.3247367425436661
0.5510507225990295 2.808572769165039 0.569609172922844 0.32442146415284695
0.5486949682235718 2.8173117637634277 0.5699640401236515 0.3241061857620279
0.5491153001785278 2.771463632583618 0.5707841776544067 0.3244529919919289
0.5482304096221924 2.7760860919952393 0.5707920635922024 0.32398007440570026
0.5489099621772766 2.8094964027404785 0.5705239417071478 0.3234125733022259
0.5486333966255188 2.784041166305542 0.5714308245536559 0.32375937953212686
0.5500146150588989 2.7797951698303223 0.56983786511892 0.32338104546314395
0.5491449236869812 2.7775790691375732 0.5711627026686014 0.3238224352102907
0.5504074692726135 2.785978317260742 0.5711548167308056 0.3248313260609118
0.5514417886734009 2.8024847507476807 0.5707605198410195 0.32508354877356704
0.5476689338684082 2.8343851566314697 0.570460854204782 0.32398007440570026
0.5490440130233765 2.7904016971588135 0.5712652198599457 0.3234756289803897
0.5521475672721863 2.7403147220611572 0.5704056526402119 0.3243268806356012
0.5507144331932068 2.8247320652008057 0.5691044729039177 0.32398007440570026
0.5479276180267334 2.7851831912994385 0.5706816604630622 0.3239485465666183
0.5516662001609802 2.807605743408203 0.5705081698315564 0.3241692414401917
0.5490851402282715 2.7820029258728027 0.5702637057598889 0.32401160224478215
0.5508471727371216 2.779055118560791 0.5704529682669863 0.325808689072451
0.549458384513855 2.7586822509765625 0.5714071667402687 0.32438993631376506
